0 N 2 53 67
0 N 3 181 67
0 N 4 53 134
0 L 2 3
0 L 3 2
0.2 P 2 3 0.200000408 0.2000001 0.200000508
0.200000508 P 3 2 0.200000916 0.200000608 0.200001016
0.200001016 P 2 3 0.200001392 0.200001116 0.200001492
0.4 P 2 3 0.400004664 0.4000001 0.400004764
0.400004764 P 3 2 0.40000514 0.400004864 0.40000524
0.40000524 P 2 3 0.400009904 0.40000534 0.400010004
0.400009904 P 2 3 0.400014568 0.400010004 0.400014668
0.400010004 P 3 2 0.40001038 0.400010104 0.40001048
0.400014568 P 2 3 0.400019232 0.400014668 0.400019332
0.400014668 P 3 2 0.400015044 0.400014768 0.400015144
0.400019232 P 2 3 0.400023896 0.400019332 0.400023996
0.400019332 P 3 2 0.400019708 0.400019432 0.400019808
0.400023896 P 2 3 0.40002856 0.400023996 0.40002866
0.400023996 P 3 2 0.400024372 0.400024096 0.400024472
0.40002856 P 2 3 0.400033224 0.40002866 0.400033324
0.40002866 P 3 2 0.400029036 0.40002876 0.400029136
0.400033224 P 2 3 0.400037888 0.400033324 0.400037988
0.400033324 P 3 2 0.4000337 0.400033424 0.4000338
0.400037888 P 2 3 0.400042552 0.400037988