# computed vector file
version 2
vector 0  DCN_FatTree4G.ovs.open_Flow_Processing  "integrate(switch Active Time Overall Vector)"  ETV
vector 1  DCN_FatTree4G.ovs.open_Flow_Processing  "integrate(switch Active Time Overall Vector)"  ETV
0	274291150	3.000075	0
0	590068823	6.000075	180.0044105442
0	893910584	9.000075	360.00443962312
0	1127400819	12.000075	527.60011820284
0	1305141009	15.000075	702.92905720521
0	1412973990	18.000075	855.63159470589
0	1455156602	21.000075	948.39868495389
1	268650775	3.000075	0
1	542503521	6.000075	117.00288465788
1	778222382	9.000075	234.00287325065
1	951768065	12.000075	351.00283121825
1	1099348191	15.000075	468.00281802142
1	1204799761	18.000075	581.79377933331
1	1282829508	21.000075	683.28338581697
1	1363158980	24.000075	782.28345626279
1	1404189378	27.000075	881.28344924251
